<?xml version="1.0" encoding="UTF-8" standalone="no"?>
<!DOCTYPE svg PUBLIC "-//W3C//DTD SVG 20010904//EN"
              "http://www.w3.org/TR/2001/REC-SVG-20010904/DTD/svg10.dtd">

<svg xmlns="http://www.w3.org/2000/svg"
     width="21.3333in" height="12in"
     viewBox="0 0 1920 1080">
  <path id="Imported Path"
        fill="none" stroke="black" stroke-width="1"
        d="M 988.51,796.51
           C 982.33,784.29 981.51,772.05 982.38,759.40
             983.03,749.99 980.50,740.82 979.09,731.57
             978.33,726.58 976.81,721.35 980.32,714.72
             996.04,736.13 985.49,762.71 997.23,784.08
             1003.90,777.06 1000.82,769.31 1000.35,762.28
             999.55,750.18 997.85,738.14 996.24,726.12
             995.36,719.59 998.06,716.08 1004.26,714.88
             1005.75,714.59 1007.46,714.99 1008.80,714.42
             1021.97,708.83 1021.96,708.79 1026.34,722.37
             1031.14,737.25 1032.39,738.11 1048.42,737.51
             1048.73,737.50 1049.05,737.53 1049.36,737.48
             1057.73,735.86 1060.86,746.61 1070.72,745.25
             1078.78,744.14 1081.70,754.33 1083.76,762.26
             1086.50,772.78 1089.99,783.12 1093.49,793.42
             1097.85,806.24 1107.75,815.74 1116.80,824.56
             1122.91,830.50 1134.87,827.06 1143.81,824.85
             1153.14,822.53 1162.25,818.85 1170.95,814.69
             1177.64,811.49 1178.37,803.72 1180.26,797.39
             1181.17,794.38 1177.55,793.62 1175.11,793.27
             1157.06,790.70 1142.43,781.88 1129.89,769.03
             1128.43,767.54 1126.28,766.29 1124.26,765.87
             1109.25,762.80 1106.18,747.94 1097.34,738.82
             1096.78,738.24 1096.44,736.89 1096.71,736.17
             1101.50,723.71 1098.57,709.38 1106.52,697.59
             1110.36,691.90 1115.55,688.32 1121.73,687.86
             1129.42,687.29 1136.27,684.75 1143.36,682.37
             1153.16,679.09 1159.72,681.48 1164.48,690.53
             1167.46,696.18 1172.71,698.80 1177.80,699.77
             1182.83,700.74 1183.28,693.99 1185.95,690.80
             1197.11,677.45 1198.43,659.79 1205.99,644.85
             1207.49,641.89 1206.94,638.76 1206.95,635.65
             1206.95,633.51 1206.48,630.38 1207.66,629.37
             1218.93,619.77 1217.48,605.91 1220.12,593.46
             1221.05,589.10 1221.58,583.42 1227.00,583.96
             1233.07,584.56 1232.77,590.32 1231.97,595.15
             1226.50,628.31 1221.62,661.55 1215.20,694.56
             1212.07,710.65 1212.21,726.82 1222.57,742.00
             1231.75,755.46 1226.84,772.70 1211.93,782.75
             1201.81,789.57 1195.30,797.36 1195.15,809.82
             1195.13,811.63 1194.89,814.06 1193.75,815.14
             1182.92,825.41 1183.74,840.83 1176.84,852.80
             1172.86,859.72 1175.29,865.96 1180.95,870.11
             1192.63,878.68 1205.17,885.53 1220.59,883.57
             1226.02,882.88 1230.96,884.86 1236.40,888.29
             1240.08,879.51 1240.21,870.94 1240.31,862.91
             1240.49,848.43 1241.88,833.92 1236.30,819.54
             1232.27,809.14 1235.89,797.18 1239.88,787.55
             1246.25,772.15 1246.71,756.03 1250.29,740.35
             1256.93,711.28 1262.88,682.10 1271.50,653.39
             1278.14,631.28 1277.57,607.14 1275.56,583.78
             1274.86,575.73 1274.83,567.64 1274.01,559.71
             1271.31,533.57 1270.89,507.07 1261.41,481.86
             1254.80,464.28 1253.24,445.55 1252.88,426.79
             1252.83,424.39 1252.51,421.35 1251.06,419.72
             1240.24,407.53 1242.45,394.14 1246.14,380.10
             1250.37,364.03 1253.45,347.66 1257.47,331.54
             1260.57,319.15 1266.47,307.86 1272.87,296.90
             1276.22,291.17 1279.89,285.80 1277.63,278.66
             1276.58,275.34 1277.55,272.19 1280.37,270.34
             1284.91,267.36 1286.66,262.75 1288.63,258.17
             1295.59,242.05 1307.62,229.20 1316.74,214.46
             1323.58,203.40 1324.50,191.81 1321.27,179.71
             1319.18,171.90 1317.65,163.47 1313.52,156.78
             1308.26,148.26 1303.09,138.39 1290.85,137.25
             1276.74,135.92 1264.63,130.42 1254.10,120.60
             1248.31,115.21 1244.40,109.30 1242.85,101.80
             1241.96,97.45 1240.24,93.50 1238.64,89.43
             1235.90,82.49 1230.82,79.73 1223.80,81.36
             1199.94,86.88 1175.60,87.07 1151.35,88.75
             1137.12,89.73 1123.74,96.59 1109.11,96.03
             1092.32,95.40 1076.61,92.03 1062.42,82.02
             1049.79,73.12 1034.12,73.11 1019.57,70.10
             1014.74,69.10 1012.18,73.26 1011.02,77.26
             1005.55,96.01 995.82,113.07 991.55,132.53
             987.86,149.37 982.17,166.30 975.13,182.16
             963.47,208.41 957.78,235.94 953.01,263.88
             952.90,264.49 952.92,265.14 952.74,265.73
             950.91,271.44 950.44,280.32 942.16,278.02
             934.88,276.01 937.66,268.43 939.49,262.68
             940.49,259.53 941.79,256.30 939.40,251.25
             935.42,264.78 931.93,276.95 928.26,289.06
             924.47,301.52 922.12,314.77 909.35,322.26
             907.44,323.38 906.01,326.13 905.34,328.41
             900.29,345.67 888.75,359.79 882.42,376.43
             880.18,382.32 876.19,387.19 870.54,390.48
             856.45,398.71 846.67,412.12 833.42,421.37
             827.79,425.29 825.21,431.65 822.31,437.33
             811.27,458.91 799.99,480.45 790.62,502.76
             783.95,518.63 776.64,535.17 782.48,553.41
             782.93,554.82 783.16,556.50 781.47,557.55
             772.81,550.99 769.61,531.99 774.05,520.06
             784.47,492.05 797.24,465.13 810.31,438.30
             821.04,416.28 838.14,400.26 857.77,386.74
             864.37,382.19 870.43,377.94 873.42,370.26
             880.31,352.59 893.09,337.59 896.57,318.30
             897.38,313.80 897.34,309.86 894.13,307.14
             885.67,299.96 884.00,289.64 880.96,280.04
             879.49,275.39 877.11,271.53 874.21,267.89
             870.08,262.71 866.35,257.44 865.45,250.60
             864.89,246.31 861.99,243.11 858.78,240.72
             849.26,233.62 843.58,223.58 836.86,214.19
             819.67,190.19 802.21,166.35 784.02,143.10
             778.88,136.52 770.84,132.21 763.36,127.60
             764.43,138.94 764.26,150.54 778.69,154.53
             773.53,159.57 769.65,158.72 766.45,154.17
             760.19,145.23 753.69,136.40 748.23,126.98
             744.61,120.72 746.59,113.67 751.68,109.10
             757.13,104.20 761.34,109.96 765.32,113.02
             800.88,140.41 820.80,180.63 848.33,214.60
             854.21,221.86 858.89,230.10 867.39,234.87
             868.72,235.62 870.40,236.63 870.86,237.91
             875.87,251.74 886.13,262.75 891.51,276.30
             894.72,284.38 896.53,293.08 904.28,298.69
             908.43,296.99 910.20,293.13 910.25,289.82
             910.53,273.00 919.30,259.63 927.35,246.01
             931.61,238.80 931.76,231.37 931.26,223.44
             930.20,206.33 933.50,190.74 945.18,176.99
             953.47,167.22 957.52,154.59 961.52,142.51
             970.89,114.18 979.50,85.60 988.30,57.08
             990.21,50.92 991.77,44.64 993.16,38.35
             994.06,34.28 995.84,30.84 1000.16,30.80
             1005.50,30.75 1006.39,35.49 1006.80,39.48
             1007.48,46.23 1007.57,53.04 1007.86,58.90
             1032.41,60.17 1054.85,66.03 1075.57,77.65
             1092.86,87.34 1111.03,88.48 1129.74,84.45
             1146.57,80.83 1163.59,78.71 1180.68,78.48
             1196.29,78.28 1210.82,73.84 1225.64,70.29
             1237.09,67.55 1241.44,69.47 1246.44,80.23
             1248.81,85.32 1251.37,90.44 1252.74,95.84
             1257.28,113.67 1270.26,121.35 1286.67,125.43
             1300.80,128.94 1316.20,130.88 1323.03,146.50
             1327.90,157.64 1331.24,169.43 1333.61,181.38
             1336.96,198.39 1331.62,213.23 1321.50,226.81
             1309.57,242.81 1296.77,258.85 1289.62,277.22
             1280.99,299.38 1269.76,320.86 1266.55,345.12
             1264.47,360.83 1258.61,375.87 1256.03,391.60
             1254.98,397.99 1255.53,403.38 1260.36,407.85
             1263.39,410.66 1264.14,414.18 1264.17,418.04
             1264.40,443.21 1269.14,467.39 1277.24,491.34
             1281.34,503.47 1281.02,517.14 1282.35,530.14
             1286.34,569.16 1291.09,608.25 1284.69,647.38
             1282.49,660.83 1277.47,673.82 1273.76,687.02
             1267.01,711.02 1262.71,735.54 1258.96,760.13
             1257.20,771.68 1252.24,782.22 1249.80,793.51
             1247.76,802.99 1246.96,811.82 1250.65,821.78
             1255.31,834.38 1253.52,848.40 1252.22,861.74
             1251.31,870.98 1252.17,880.47 1248.73,889.48
             1244.14,901.51 1236.68,904.39 1225.71,897.42
             1222.57,895.43 1219.82,896.29 1216.78,896.59
             1200.18,898.21 1170.47,881.37 1163.52,867.53
             1160.07,860.64 1162.69,854.94 1165.37,846.10
             1152.22,849.76 1140.30,849.47 1128.42,850.31
             1119.01,850.97 1114.59,853.51 1113.00,864.71
             1110.51,882.11 1097.81,898.51 1076.25,890.49
             1072.68,889.16 1068.89,888.93 1065.18,890.08
             1056.65,892.73 1048.78,892.97 1041.70,886.05
             1038.65,883.07 1034.15,883.52 1030.05,884.25
             1026.05,884.96 1022.09,885.98 1018.06,886.34
             1002.17,887.73 996.51,883.87 988.17,865.87
             979.12,872.50 967.75,869.56 957.88,873.51
             953.96,875.07 951.63,872.25 949.24,869.56
             938.05,856.98 928.42,843.82 921.67,827.85
             909.65,799.40 903.85,769.92 901.45,739.51
             900.75,730.69 901.34,721.86 909.96,716.15
             906.19,708.01 898.18,709.24 893.40,710.06
             880.01,712.35 874.94,704.27 869.55,695.05
             867.27,691.14 868.22,683.04 859.59,686.04
             851.63,688.81 845.52,693.22 846.22,702.80
             847.32,718.06 849.09,733.25 852.76,748.12
             856.88,764.77 858.32,781.88 861.69,798.62
             864.24,811.29 863.27,826.51 877.39,833.81
             886.95,838.75 896.67,844.22 908.10,843.77
             915.15,843.49 920.44,847.75 926.24,850.65
             928.64,851.85 929.94,854.12 929.62,856.84
             929.24,859.97 927.14,861.94 924.19,862.58
             919.92,863.50 915.29,864.85 911.24,863.03
             893.23,854.93 872.97,851.05 858.75,835.67
             856.84,833.60 854.51,831.79 853.10,829.44
             849.33,823.15 844.90,820.32 837.75,824.50
             830.84,828.54 824.59,821.20 817.93,822.84
             808.81,825.07 807.00,817.05 801.95,813.01
             790.25,803.67 788.08,793.29 794.15,780.06
             796.40,775.16 799.54,774.12 803.81,776.00
             807.94,777.82 809.95,780.97 808.04,785.87
             804.27,795.56 812.32,806.43 822.10,810.05
             832.40,813.85 840.59,810.05 849.75,807.28
             848.39,787.43 844.86,767.89 840.72,748.40
             837.70,734.10 835.66,719.58 833.50,705.12
             831.73,693.26 835.84,685.45 847.32,679.46
             852.57,676.72 853.95,673.79 853.24,667.67
             852.01,657.20 851.37,646.56 850.52,636.04
             849.03,617.55 846.22,599.11 842.08,580.92
             839.84,571.13 832.68,569.97 824.73,568.71
             816.92,567.47 812.18,571.02 808.77,577.32
             807.29,580.05 805.48,582.84 804.93,585.81
             801.75,602.94 798.87,620.13 795.97,637.32
             795.78,638.48 795.89,640.00 796.50,640.95
             805.20,654.48 799.80,667.96 794.88,680.45
             790.97,690.35 781.63,696.35 770.42,696.52
             764.94,696.59 762.55,698.15 761.38,703.37
             759.35,712.44 755.45,720.98 755.76,730.71
             756.03,739.16 747.18,739.79 742.05,742.96
             737.36,745.85 733.23,741.92 730.57,737.65
             725.76,729.92 718.23,724.59 715.67,714.53
             712.92,703.73 713.48,693.52 714.77,683.15
             715.57,676.72 717.96,670.41 718.02,663.84
             718.21,643.22 733.65,630.77 744.07,614.64
             738.74,614.59 736.12,611.89 736.11,606.71
             736.05,575.86 724.18,547.09 720.20,517.02
             716.00,485.33 702.99,456.60 693.28,426.79
             687.18,408.07 674.06,392.66 664.13,375.76
             656.71,363.14 648.99,350.52 639.82,339.18
             629.89,326.89 617.06,316.90 607.39,304.44
             592.54,285.29 576.01,267.49 562.41,247.32
             552.89,233.19 544.16,218.21 529.84,207.98
             525.07,204.58 522.48,199.34 519.68,194.69
             508.14,175.49 490.78,161.35 476.95,144.18
             461.15,124.57 444.84,105.38 429.13,85.71
             424.80,80.29 421.81,73.79 418.24,67.83
             421.84,65.22 423.18,67.66 424.51,69.05
             446.28,91.83 467.39,115.17 486.16,140.57
             494.49,151.84 506.66,159.62 514.66,171.42
             534.96,201.34 560.97,226.74 581.68,256.56
             596.10,277.32 612.08,297.68 630.70,315.26
             665.58,348.18 687.63,389.67 708.54,431.73
             716.11,446.95 717.46,464.84 724.35,480.63
             734.27,503.34 731.60,528.57 738.96,551.80
             743.54,566.24 749.43,580.41 748.69,598.47
             757.08,591.74 764.02,586.76 772.64,591.19
             784.10,572.66 784.15,572.64 793.64,579.73
             796.35,576.05 799.66,572.66 801.67,568.62
             807.73,556.45 818.19,556.21 829.44,557.54
             829.75,557.57 830.04,557.75 830.34,557.78
             835.35,558.19 840.88,553.78 845.32,559.05
             850.32,564.98 852.10,572.38 853.55,579.73
             857.29,598.82 871.49,608.47 890.74,604.69
             903.90,602.10 911.96,606.88 915.12,620.10
             916.63,626.41 917.29,633.08 917.29,639.58
             917.29,656.75 922.67,672.89 927.46,688.89
             929.61,696.09 940.33,696.82 946.90,695.78
             955.13,694.48 960.79,697.56 966.92,701.14
             970.51,703.25 972.34,706.55 970.88,710.66
             969.26,715.19 963.89,716.27 961.61,714.31
             952.43,706.40 940.90,712.02 930.81,707.65
             920.71,703.28 914.21,697.58 912.87,687.23
             910.74,670.89 906.36,654.84 906.64,638.17
             906.71,633.88 905.73,629.44 904.50,625.28
             901.47,615.03 897.32,612.32 887.40,615.83
             878.87,618.86 871.71,616.18 864.58,612.71
             862.04,616.11 864.07,618.59 864.87,621.16
             865.80,624.18 867.33,628.12 865.34,630.21
             855.73,640.31 864.53,651.14 863.71,661.51
             863.39,665.68 864.96,670.41 871.39,671.25
             875.20,671.75 876.62,676.19 877.58,679.95
             881.84,696.56 883.92,701.90 906.24,696.65
             911.17,695.49 914.04,696.46 915.89,701.03
             918.76,708.11 924.08,712.64 931.02,715.52
             932.42,716.10 933.87,716.91 934.91,717.98
             937.51,720.65 940.75,723.53 938.24,727.67
             935.81,731.67 931.74,730.83 928.12,729.56
             916.92,725.61 913.22,728.32 913.51,740.55
             913.94,758.44 918.56,775.59 922.27,792.96
             925.17,806.56 930.58,818.91 935.92,831.53
             940.63,842.65 949.33,850.50 957.51,858.16
             965.57,865.70 989.20,855.95 990.50,844.45
             992.27,828.84 993.87,812.78 988.51,796.51M 1009.50,816.11
           C 1010.50,829.58 1009.12,842.77 1005.54,855.84
             1001.16,871.82 1004.29,875.85 1021.06,874.94
             1032.54,874.31 1044.03,871.35 1054.12,879.90
             1055.20,880.82 1057.84,880.48 1059.53,879.98
             1067.56,877.58 1075.54,877.74 1083.56,879.77
             1087.16,880.67 1090.24,879.86 1093.19,877.57
             1101.56,871.09 1105.51,852.55 1098.88,844.43
             1093.26,837.53 1092.63,832.02 1099.84,825.42
             1082.23,808.20 1076.36,785.79 1069.85,763.64
             1069.36,761.96 1068.11,759.30 1067.00,759.19
             1059.09,758.37 1052.23,751.99 1045.06,752.36
             1029.21,753.18 1018.85,747.42 1013.02,730.38
             1012.16,734.73 1011.13,736.70 1011.56,738.28
             1018.46,763.92 1009.97,789.10 1009.50,816.11M 1199.72,740.17
           C 1199.14,739.44 1198.55,738.71 1197.99,737.96
             1193.23,731.69 1189.59,723.77 1178.94,728.76
             1175.86,730.20 1170.80,727.45 1171.45,723.87
             1173.34,713.52 1165.92,709.54 1160.45,703.39
             1155.10,697.38 1150.33,691.41 1141.87,695.12
             1134.85,698.19 1126.71,695.97 1120.39,700.29
             1114.46,704.35 1108.94,729.68 1111.94,736.29
             1117.14,747.74 1155.33,776.67 1167.91,779.86
             1180.63,783.08 1191.59,776.95 1203.18,774.51
             1206.91,773.73 1208.56,769.00 1207.72,764.37
             1206.27,756.36 1204.22,748.58 1199.72,740.17M 786.41,670.79
           C 792.02,649.36 783.11,630.36 777.70,609.30
             771.50,613.71 766.06,615.08 761.06,617.39
             746.62,624.04 737.22,636.60 732.76,650.55
             728.67,663.31 726.11,677.20 724.96,690.81
             723.73,705.33 726.79,719.02 740.43,729.07
             745.60,715.22 750.40,702.19 755.36,689.22
             756.70,685.73 758.24,682.04 763.19,682.82
             776.41,684.89 779.41,683.48 786.41,670.79M 948.16,225.50
           C 954.73,213.14 958.02,199.63 963.09,186.61
             953.08,186.81 951.42,193.43 951.59,200.04
             951.81,208.62 949.07,216.51 948.16,225.50M 1197.66,700.74
           C 1197.24,707.15 1190.67,714.67 1201.18,719.96
             1201.18,711.64 1201.18,704.20 1201.18,696.75
             1200.67,696.68 1200.16,696.62 1199.65,696.55
             1199.12,697.56 1198.59,698.56 1197.66,700.74M 990.85,96.81
           C 993.85,90.23 995.78,83.41 995.48,73.81
             991.64,84.78 988.55,93.65 985.45,102.51
             985.94,102.74 986.43,102.98 986.92,103.21
             988.03,101.46 989.14,99.71 990.85,96.81 Z" />
</svg>
