<?xml version="1.0" encoding="UTF-8" standalone="no"?>
<!DOCTYPE svg PUBLIC "-//W3C//DTD SVG 20010904//EN"
              "http://www.w3.org/TR/2001/REC-SVG-20010904/DTD/svg10.dtd">

<svg xmlns="http://www.w3.org/2000/svg"
     width="21.3333in" height="12in"
     viewBox="0 0 1920 1080">
  <path id="Unnamed"
        fill="none" stroke="black" stroke-width="1"
        d="M 418.40,66.40
           C 418.40,66.40 452.00,105.60 452.00,105.60
             452.00,105.60 518.40,177.60 518.40,177.60
             518.40,177.60 557.60,235.20 557.60,235.20
             557.60,235.20 592.80,280.00 592.80,280.00
             592.80,280.00 640.80,331.20 640.80,331.20
             640.80,331.20 680.00,380.80 680.00,380.80
             680.00,380.80 705.60,438.40 705.60,438.40
             705.60,438.40 728.00,506.40 728.00,506.40
             728.00,506.40 730.67,539.33 730.67,539.33
             730.67,539.33 734.00,588.67 734.00,588.67
             734.00,588.67 736.67,615.33 736.67,615.33
             736.67,615.33 760.00,602.67 760.00,602.67
             760.00,602.67 784.67,589.33 784.67,589.33
             784.67,589.33 758.67,615.33 758.67,615.33
             758.67,615.33 734.67,643.33 734.67,643.33
             734.67,643.33 724.00,678.00 724.00,678.00
             724.00,678.00 727.33,722.00 727.33,722.00
             727.33,722.00 738.00,735.33 738.00,735.33
             738.00,735.33 746.67,724.67 746.67,724.67
             746.67,724.67 760.67,694.67 760.67,694.67
             760.67,694.67 774.00,691.33 774.67,691.33
             775.33,691.33 786.67,678.67 786.67,678.67
             786.67,678.67 795.33,643.33 795.33,643.33
             795.33,643.33 790.67,618.00 790.67,618.00
             790.67,618.00 796.67,596.67 796.67,596.67
             796.67,596.67 807.33,572.00 807.33,572.00
             807.33,572.00 816.00,566.00 816.00,566.00
             816.00,566.00 834.00,564.00 834.00,564.00
             834.00,564.00 842.00,584.00 842.00,584.00
             842.00,584.00 850.00,599.33 850.00,599.33
             850.00,599.33 866.00,610.00 866.00,610.00
             866.00,610.00 894.00,611.33 894.00,611.33
             894.00,611.33 912.67,632.67 912.67,632.67
             912.67,632.67 915.33,662.67 915.33,662.67
             915.33,662.67 922.00,689.33 922.00,689.33
             922.00,689.33 940.67,706.67 940.67,706.67
             940.67,706.67 963.33,710.00 963.33,710.00
             963.33,710.00 854.67,614.67 854.67,614.67
             854.67,614.67 852.67,632.00 852.67,632.00
             852.67,632.00 857.33,661.33 857.33,661.33
             857.33,661.33 859.33,674.67 859.33,674.67
             859.33,674.67 845.33,689.33 845.33,689.33
             845.33,689.33 840.67,709.33 840.67,709.33
             840.67,709.33 848.67,748.67 848.67,748.67
             848.67,748.67 853.33,785.33 853.33,785.33
             853.33,785.33 854.00,812.67 854.00,812.67
             854.00,812.67 812.67,822.67 806.00,808.67
             799.33,794.67 801.33,779.33 801.33,779.33
             801.33,779.33 867.33,682.00 867.33,682.00
             867.33,682.00 877.33,696.67 877.33,696.67
             877.33,696.67 890.67,704.67 890.67,704.67
             890.67,704.67 900.00,706.00 900.00,706.00
             900.00,706.00 912.67,714.00 912.67,714.00
             912.67,714.00 926.00,722.00 926.00,722.00
             926.00,722.00 910.00,731.33 910.00,731.33
             910.00,731.33 908.67,756.00 908.67,756.00
             908.67,756.00 912.00,795.33 912.00,795.33
             912.00,795.33 922.67,822.67 922.67,822.67
             922.67,822.67 940.67,854.00 941.33,854.00
             942.00,854.00 968.00,864.67 968.00,864.67
             968.00,864.67 992.00,860.67 992.00,860.67
             992.00,860.67 994.00,801.33 994.00,801.33
             994.00,801.33 988.00,776.00 988.00,776.00
             988.00,776.00 979.33,734.67 979.33,734.67
             979.33,734.67 980.67,723.33 980.67,723.33
             980.67,723.33 1004.67,794.00 1004.67,794.00
             1004.67,794.00 1006.00,772.00 1006.00,772.00
             1006.00,772.00 1006.00,730.67 1006.00,730.67
             1006.00,730.67 1017.33,719.33 1018.00,719.33
             1018.67,719.33 1029.33,738.00 1029.33,738.00
             1029.33,738.00 1056.67,753.33 1056.67,753.33
             1056.67,753.33 1075.33,760.00 1075.33,760.00
             1075.33,760.00 1084.00,788.00 1084.00,788.00
             1084.00,788.00 1100.00,818.67 1100.00,818.67
             1100.00,818.67 1109.33,832.00 1109.33,832.00
             1109.33,832.00 1108.67,865.33 1108.67,865.33
             1108.67,865.33 1096.67,884.00 1096.67,884.00
             1096.67,884.00 1077.33,884.00 1077.33,884.00
             1077.33,884.00 1050.67,880.67 1050.67,880.67
             1050.67,880.67 1020.00,880.00 1020.00,880.00
             1020.00,880.00 1007.33,877.33 1007.33,877.33
             1007.33,877.33 1002.67,828.67 1002.67,828.67
             1002.67,828.67 1002.67,811.33 1002.67,811.33
             1002.67,811.33 1125.33,842.67 1125.33,842.67
             1125.33,842.67 1158.67,835.33 1158.67,835.33
             1158.67,835.33 1182.67,821.33 1182.67,821.33
             1182.67,821.33 1189.33,794.00 1189.33,794.00
             1189.33,794.00 1174.67,786.67 1174.00,786.67
             1173.33,786.67 1126.67,756.00 1126.67,755.33
             1126.67,754.67 1109.33,745.33 1109.33,745.33
             1109.33,745.33 1106.00,730.00 1106.00,730.00
             1106.00,730.00 1106.67,708.67 1106.67,708.67
             1106.67,708.67 1114.00,698.00 1114.00,698.00
             1114.00,698.00 1140.67,690.67 1140.67,690.67
             1140.67,690.67 1162.00,692.67 1162.00,692.67
             1162.00,692.67 1173.33,710.67 1173.33,710.67
             1173.33,710.67 1181.33,715.33 1181.33,715.33
             1181.33,715.33 1191.33,700.67 1191.33,700.67
             1191.33,700.67 1202.00,670.00 1202.00,670.00
             1202.00,670.00 1212.67,638.67 1212.67,638.67
             1212.67,638.67 1222.00,598.67 1222.00,598.67
             1222.00,598.67 1212.00,693.33 1212.00,693.33
             1212.00,693.33 1193.33,725.33 1193.33,725.33
             1193.33,725.33 1207.33,735.33 1207.33,735.33
             1207.33,735.33 1220.67,768.00 1220.67,768.00
             1220.67,768.00 1194.00,786.67 1194.00,786.67
             1194.00,786.67 1173.33,860.00 1173.33,860.00
             1173.33,860.00 1186.00,886.00 1186.67,886.00
             1187.33,886.00 1236.00,894.67 1236.00,894.67
             1236.00,894.67 1244.67,870.67 1244.67,870.67
             1244.67,870.67 1241.33,818.67 1241.33,818.67
             1241.33,818.67 1247.33,785.33 1247.33,785.33
             1247.33,785.33 1263.33,718.67 1263.33,718.67
             1263.33,718.67 1275.33,666.00 1275.33,666.00
             1275.33,666.00 1280.67,610.00 1280.67,610.00
             1280.67,610.00 1278.00,550.00 1278.00,550.00
             1278.00,550.00 1272.00,491.33 1272.00,491.33
             1272.00,491.33 1262.67,446.67 1262.67,446.67
             1262.67,446.67 1252.67,408.67 1252.67,408.00
             1252.67,407.33 1258.00,343.33 1258.00,343.33
             1258.00,343.33 1273.33,306.67 1273.33,306.67
             1273.33,306.67 1286.00,270.00 1286.00,270.00
             1286.00,270.00 1303.33,242.00 1304.00,242.00
             1304.67,242.00 1326.00,213.33 1326.00,213.33
             1326.00,213.33 1329.33,180.00 1329.33,180.00
             1329.33,180.00 1318.67,150.00 1318.67,150.00
             1318.67,150.00 1296.00,133.33 1296.00,133.33
             1296.00,133.33 1266.67,119.33 1266.00,119.33
             1265.33,119.33 1244.67,90.00 1244.67,90.00
             1244.67,90.00 1236.67,78.67 1236.67,78.67
             1236.67,78.67 1200.67,78.00 1200.67,78.00
             1200.67,78.00 1156.67,80.67 1156.67,80.67
             1156.67,80.67 1120.67,92.00 1120.67,92.00
             1120.67,92.00 1078.67,84.00 1078.67,84.00
             1078.67,84.00 1044.00,71.33 1044.00,71.33
             1044.00,71.33 1013.33,68.67 1012.67,68.67
             1012.00,68.67 1000.67,88.00 1000.67,88.00
             1000.67,88.00 989.33,120.67 989.33,120.67
             989.33,120.67 978.00,156.00 978.00,156.00
             978.00,156.00 964.00,203.33 964.00,203.33
             964.00,203.33 953.33,237.33 953.33,237.33
             953.33,237.33 950.00,258.00 950.00,258.00
             950.00,258.00 934.00,215.33 934.00,215.33
             934.00,215.33 954.67,175.33 954.67,175.33
             954.67,175.33 970.00,117.33 970.00,117.33
             970.00,117.33 987.33,66.67 987.33,66.67
             987.33,66.67 996.67,40.67 996.67,40.00
             996.67,39.33 999.33,70.67 999.33,70.67
             999.33,70.67 926.00,263.33 926.00,262.67
             926.00,262.00 912.67,295.33 912.67,296.00
             912.67,296.67 904.67,308.00 904.67,308.00
             904.67,308.00 876.67,268.00 876.67,268.00
             876.67,268.00 847.33,229.33 847.33,229.33
             847.33,229.33 814.00,179.33 814.00,179.33
             814.00,179.33 784.67,142.00 784.67,142.00
             784.67,142.00 758.00,121.33 758.00,121.33
             758.00,121.33 760.67,144.00 760.67,144.00
             760.67,144.00 768.67,154.67 768.67,154.67
             768.67,154.67 901.33,328.00 901.33,328.00
             901.33,328.00 886.67,360.67 886.67,360.67
             886.67,360.67 858.67,395.33 858.67,395.33
             858.67,395.33 834.00,413.33 834.00,413.33
             834.00,413.33 809.33,452.00 809.33,452.00
             809.33,452.00 792.67,482.67 792.67,482.67
             792.67,482.67 784.00,506.67 784.00,507.33
             784.00,508.00 775.33,530.67 775.33,530.67
             775.33,530.67 780.00,555.33 780.00,555.33" />
</svg>
